





7565;7565;10.51;



7565;12566;11.90;



7565;17566;11.75;



7565;22567;11.68;



7565;27569;11.71;



7565;32569;11.63;



7565;37570;11.68;



7565;42571;11.73;



7565;47572;11.68;



7565;52573;11.68;



7565;57574;11.71;



7565;62575;11.68;



7565;67575;11.68;



7565;72577;11.71;



7565;77578;11.63;



7565;82578;11.63;



7565;87579;11.68;



7565;92580;11.68;



7565;97581;11.66;



7565;102582;11.63;



7565;107583;11.68;



7565;112584;11.68;



7565;117584;11.68;



7565;122586;11.71;



7565;127587;11.63;



7565;132587;11.68;



7565;137588;11.71;



7565;142589;11.66;



7565;147591;11.71;



7565;152591;11.68;



7565;157592;11.68;



7565;162593;11.71;



7565;167595;11.66;



7565;172595;11.68;



7565;177596;11.63;



7565;182597;11.63;



7565;187598;11.71;



7565;192599;11.71;



7565;197600;11.66;



7565;202601;11.68;



7565;207601;11.68;



7565;212602;11.63;



7565;217604;11.66;



7565;222605;11.63;



7565;227605;11.66;



7565;232606;11.63;



7565;237607;11.66;



7565;242609;11.71;



7565;247609;11.66;



7565;252610;11.63;



7565;257611;11.68;



7565;262612;11.63;



7565;267613;11.63;



7565;272614;11.66;



7565;277615;11.68;



7565;282615;11.66;



7565;287617;11.68;



7565;292618;11.68;



7565;297619;11.66;



7565;302619;11.66;



7565;307620;11.63;



7565;312622;11.63;



7565;317623;11.66;



7565;322623;11.68;



7565;327624;11.63;



7565;332625;11.63;



7565;337627;11.68;



7565;342627;11.66;



7565;347628;11.66;



7565;352629;11.66;



7565;357629;11.68;



7565;362631;11.66;



7565;367632;11.63;



7565;372633;11.66;



7565;377633;11.63;



7565;382635;11.71;



7565;387636;11.66;



7565;392637;11.63;



7565;397637;11.68;



7565;402638;11.66;



7565;407640;11.66;



7565;412640;11.63;



7565;417641;11.66;



7565;422642;11.68;



7565;427643;11.63;



7565;432644;11.68;



7565;437645;11.66;



7565;442646;11.68;



7565;447647;11.66;



7565;452647;11.63;



7565;457649;11.66;



7565;462650;11.61;



7565;467651;11.63;



7565;472651;11.63;



7565;477652;11.63;



7565;482654;11.61;



7565;487654;11.66;



7565;492655;11.66;



7565;497656;11.66;



7565;502658;11.63;



7565;507658;11.63;



7565;512659;11.63;



7565;517660;11.63;



7565;522661;11.66;



7565;527662;11.63;



7565;532663;11.63;



7565;537664;11.63;



7565;542665;11.58;



7565;547665;11.66;



7565;552667;11.63;



7565;557668;11.63;



7565;562668;11.63;



7565;567669;11.66;



7565;572670;11.63;



7565;577672;11.63;



7565;582672;11.61;



7565;587673;11.63;



7565;592674;11.63;



7565;597676;11.63;



7565;602676;11.61;



7565;607677;11.63;



7565;612678;11.61;



7565;617679;11.63;



7565;622680;11.63;



7565;627681;11.61;



7565;632682;11.63;



7565;637682;11.66;



7565;642683;11.61;



7565;647685;11.58;



7565;652686;11.61;



7565;657686;11.66;



7565;662687;11.63;



7565;667688;11.63;



7565;672690;11.61;



7565;677690;11.63;



7565;682691;11.61;



7565;687692;11.63;



7565;692694;11.63;



7565;697694;11.63;



7565;702695;11.63;



7565;707696;11.63;



7565;712696;11.61;



7565;717698;11.63;



7565;722699;11.63;



7565;727700;11.63;



7565;732700;11.63;



7565;737701;11.61;



7565;742703;11.61;



7565;747704;11.58;



7565;752704;11.63;



7565;757705;11.58;



7565;762706;11.63;



7565;767708;11.63;



7565;772708;11.61;



7565;777709;11.61;



7565;782710;11.61;



7565;787710;11.63;



7565;792712;11.63;



7565;797713;11.63;



7565;802714;11.63;



7565;807714;11.61;



7565;812716;11.63;



7565;817717;11.63;



7565;822718;11.61;



7565;827718;11.61;



7565;832719;11.61;



7565;837721;11.63;



7565;842722;11.58;



7565;847722;11.63;



7565;852723;11.63;



7565;857724;11.63;



7565;862725;11.63;



7565;867726;11.61;



7565;872727;11.61;



7565;877728;11.61;



7565;882728;11.61;



7565;887730;11.58;



7565;892731;11.63;



7565;897732;11.61;



7565;902732;11.63;



7565;907734;11.61;



7565;912735;11.63;



7565;917736;11.58;



7565;922736;11.61;



7565;927737;11.58;



7565;932739;11.63;



7565;937739;11.58;



7565;942740;11.63;



7565;947741;11.63;



7565;952742;11.61;



7565;957743;11.63;



7565;962744;11.61;



7565;967745;11.56;



7565;972746;11.58;



7565;977746;11.63;



7565;982748;11.58;



7565;987749;11.58;



7565;992750;11.58;



7565;997750;11.58;



7565;1002752;11.63;



7565;1007753;11.61;



7565;1012754;11.63;



7565;1017754;11.61;



7565;1022755;11.58;



7565;1027757;11.58;



7565;1032758;11.58;



7565;1037758;11.61;



7565;1042759;11.61;



7565;1047760;11.58;



7565;1052762;11.56;



7565;1057763;11.58;



7565;1062763;11.63;



7565;1067764;11.58;



7565;1072765;11.58;



7565;1077767;11.61;



7565;1082767;11.61;



7565;1087768;11.58;



7565;1092769;11.61;



7565;1097771;11.58;



7565;1102771;11.61;



7565;1107772;11.58;



7565;1112773;11.56;



7565;1117774;11.61;



7565;1122776;11.58;



7565;1127776;11.53;



7565;1132777;11.56;



7565;1137778;11.61;



7565;1142779;11.58;



7565;1147780;11.56;



7565;1152781;11.58;



7565;1157782;11.58;



7565;1162783;11.53;



7565;1167784;11.56;



7565;1172785;11.56;



7565;1177786;11.56;



7565;1182787;11.61;



7565;1187788;11.58;



7565;1192788;11.58;



7565;1197790;11.58;



7565;1202791;11.58;



7565;1207792;11.58;



7565;1212793;11.58;



7565;1217794;11.56;



7565;1222795;11.58;



7565;1227796;11.58;



7565;1232797;11.58;



7565;1237797;11.56;



7565;1242799;11.56;



7565;1247800;11.58;



7565;1252801;11.56;



7565;1257802;11.56;



7565;1262802;11.58;



7565;1267804;11.56;



7565;1272805;11.58;



7565;1277806;11.53;



7565;1282806;11.58;



7565;1287808;11.58;



7565;1292809;11.58;



7565;1297810;11.56;



7565;1302810;11.51;



7565;1307811;11.53;



7565;1312813;11.56;



7565;1317814;11.56;



7565;1322815;11.61;



7565;1327815;11.58;



7565;1332816;11.58;



7565;1337818;11.56;



7565;1342819;11.56;



7565;1347819;11.53;



7565;1352820;11.53;



7565;1357821;11.58;



7565;1362823;11.58;



7565;1367824;11.56;



7565;1372824;11.53;



7565;1377825;11.56;



7565;1382827;11.53;



7565;1387828;11.56;



7565;1392828;11.53;



7565;1397829;11.58;



7565;1402830;11.53;



7565;1407832;11.53;



7565;1412833;11.53;



7565;1417833;11.53;



7565;1422834;11.58;



7565;1427835;11.58;



7565;1432837;11.53;



7565;1437837;11.56;



7565;1442838;11.53;



7565;1447839;11.51;



7565;1452840;11.56;



7565;1457842;11.53;



7565;1462842;11.56;



7565;1467843;11.56;



7565;1472844;11.56;



7565;1477846;11.53;



7565;1482846;11.53;



7565;1487847;11.56;



7565;1492848;11.53;



7565;1497849;11.53;



7565;1502851;11.56;



7565;1507851;11.53;



7565;1512852;11.53;



7565;1517853;11.56;



7565;1522854;11.53;



7565;1527855;11.53;



7565;1532856;11.53;



7565;1537857;11.58;



7565;1542858;11.53;



7565;1547859;11.56;



7565;1552860;11.51;



7565;1557861;11.53;



7565;1562862;11.56;



7565;1567863;11.51;



7565;1572864;11.56;



7565;1577865;11.56;



7565;1582866;11.53;



7565;1587867;11.56;



7565;1592868;11.56;



7565;1597869;11.53;



7565;1602870;11.56;



7565;1607871;11.56;



7565;1612872;11.56;



7565;1617872;11.51;



7565;1622874;11.56;



7565;1627875;11.51;



7565;1632876;11.53;



7565;1637877;11.53;



7565;1642877;11.51;



7565;1647879;11.58;



7565;1652880;11.56;



7565;1657881;11.51;



7565;1662881;11.53;



7565;1667883;11.53;



7565;1672884;11.56;



7565;1677885;11.53;



7565;1682886;11.49;



7565;1687886;11.53;



7565;1692888;11.56;



7565;1697889;11.53;



7565;1702890;11.53;



7565;1707890;11.53;



7565;1712891;11.56;



7565;1717893;11.49;



7565;1722894;11.53;



7565;1727894;11.53;



7565;1732895;11.51;



7565;1737896;11.49;



7565;1742898;11.51;



7565;1747899;11.53;



7565;1752899;11.51;



7565;1757900;11.49;



7565;1762902;11.51;



7565;1767903;11.51;



7565;1772903;11.51;



7565;1777904;11.53;



7565;1782905;11.53;



7565;1787907;11.51;



7565;1792908;11.53;



7565;1797908;11.51;



7565;1802909;11.51;



7565;1807910;11.49;



7565;1812912;11.51;



7565;1817912;11.53;



7565;1822913;11.53;



7565;1827914;11.51;



7565;1832915;11.53;



7565;1837917;11.53;



7565;1842917;11.53;



7565;1847918;11.49;



7565;1852919;11.51;



7565;1857921;11.53;



7565;1862921;11.51;



7565;1867922;11.53;



7565;1872923;11.53;



7565;1877924;11.51;



7565;1882926;11.49;



7565;1887926;11.53;



7565;1892927;11.51;



7565;1897928;11.49;



7565;1902929;11.53;



7565;1907930;11.51;



7565;1912931;11.53;



7565;1917932;11.53;



7565;1922933;11.51;



7565;1927934;11.51;



7565;1932935;11.53;



7565;1937936;11.51;



7565;1942937;11.46;



7565;1947938;11.53;



7565;1952939;11.46;



7565;1957940;11.53;



7565;1962941;11.51;



7565;1967942;11.51;



7565;1972943;11.53;



7565;1977944;11.49;



7565;1982945;11.53;



7565;1987946;11.51;



7565;1992947;11.51;



7565;1997947;11.51;



7565;2002949;11.51;



7565;2007950;11.56;



7565;2012951;11.51;



7565;2017952;11.46;



7565;2022952;11.49;



7565;2027954;11.56;



7565;2032955;11.53;



7565;2037956;11.53;



7565;2042956;11.49;



7565;2047958;11.49;



7565;2052959;11.51;



7565;2057960;11.51;



7565;2062961;11.49;



7565;2067961;11.51;



7565;2072963;11.49;



7565;2077964;11.51;



7565;2082965;11.51;



7565;2087965;11.53;



7565;2092966;11.49;



7565;2097968;11.51;



7565;2102969;11.49;



7565;2107970;11.51;



7565;2112970;11.51;



7565;2117971;11.49;



7565;2122973;11.51;



7565;2127974;11.49;



7565;2132974;11.51;



7565;2137975;11.49;



7565;2142977;11.49;



7565;2147978;11.49;



7565;2152979;11.49;



7565;2157979;11.46;



7565;2162980;11.49;



7565;2167982;11.51;



7565;2172983;11.49;



7565;2177983;11.51;



7565;2182984;11.49;



7565;2187985;11.46;



7565;2192987;11.51;



7565;2197988;11.51;



7565;2202988;11.49;



7565;2207989;11.49;



7565;2212990;11.49;



7565;2217992;11.49;



7565;2222992;11.46;



7565;2227993;11.49;



7565;2232994;11.46;



7565;2237996;11.49;



7565;2242997;11.49;



7565;2247997;11.49;



7565;2252998;11.49;



7565;2257999;11.44;



7565;2263001;11.51;



7565;2268001;11.51;



7565;2273002;11.46;



7565;2278003;11.49;



7565;2283004;11.51;



7565;2288006;11.46;



7565;2293006;11.51;



7565;2298007;11.49;



7565;2303008;11.46;



7565;2308009;11.49;



7565;2313010;11.49;



7565;2318011;11.51;



7565;2323012;11.49;



7565;2328013;11.46;



7565;2333014;11.51;



7565;2338015;11.51;



7565;2343016;11.49;



7565;2348017;11.49;



7565;2353018;11.46;



7565;2358019;11.51;



7565;2363020;11.49;



7565;2368021;11.51;



7565;2373022;11.46;



7565;2378022;11.44;



7565;2383024;11.49;



7565;2388025;11.51;



7565;2393026;11.49;



7565;2398027;11.46;



7565;2403027;11.46;



7565;2408029;11.51;



7565;2413030;11.46;



7565;2418031;11.49;



7565;2423031;11.49;



7565;2428033;11.49;



7565;2433034;11.46;



7565;2438035;11.49;



7565;2443036;11.44;



7565;2448036;11.51;



7565;2453038;11.46;



7565;2458039;11.49;



7565;2463040;11.46;



7565;2468040;11.49;



7565;2473041;11.44;



7565;2478043;11.49;



7565;2483044;11.49;



7565;2488045;11.49;



7565;2493045;11.49;



7565;2498046;11.51;



7565;2503048;11.44;



7565;2508049;11.46;



7565;2513049;11.51;



7565;2518050;11.46;



7565;2523052;11.49;



7565;2528053;11.49;



7565;2533054;11.46;



7565;2538054;11.49;



7565;2543055;11.46;



7565;2548057;11.46;



7565;2553058;11.49;



7565;2558058;11.46;



7565;2563059;11.46;



7565;2568060;11.51;



7565;2573062;11.46;



7565;2578063;11.44;



7565;2583063;11.44;



7565;2588064;11.49;



7565;2593065;11.49;



7565;2598067;11.49;



7565;2603067;11.44;



7565;2608068;11.46;



7565;2613069;11.49;



7565;2618071;11.49;



7565;2623072;11.46;



7565;2628072;11.46;



7565;2633073;11.46;



7565;2638074;11.44;



7565;2643076;11.49;



7565;2648076;11.49;



7565;2653077;11.49;



7565;2658078;11.44;



7565;2663079;11.49;



7565;2668080;11.46;



7565;2673081;11.49;



7565;2678082;11.46;



7565;2683083;11.44;



7565;2688084;11.44;



7565;2693085;11.44;



7565;2698086;11.46;



7565;2703087;11.44;



7565;2708088;11.49;



7565;2713089;11.49;



7565;2718090;11.49;



7565;2723091;11.49;



7565;2728092;11.49;



7565;2733093;11.46;



7565;2738094;11.46;



7565;2743095;11.46;



7565;2748096;11.46;



7565;2753097;11.49;



7565;2758097;11.44;



7565;2763099;11.49;



7565;2768100;11.46;



7565;2773101;11.44;



7565;2778102;11.44;



7565;2783102;11.49;



7565;2788104;11.49;



7565;2793105;11.46;



7565;2798106;11.44;



7565;2803106;11.49;



7565;2808108;11.46;



7565;2813109;11.46;



7565;2818110;11.44;



7565;2823111;11.44;



7565;2828111;11.44;



7565;2833113;11.44;



7565;2838114;11.46;



7565;2843115;11.44;



7565;2848115;11.44;



7565;2853116;11.46;



7565;2858118;11.49;



7565;2863119;11.46;



7565;2868120;11.49;



7565;2873120;11.44;



7565;2878121;11.46;



7565;2883123;11.44;



7565;2888124;11.49;



7565;2893124;11.49;



7565;2898125;11.44;



7565;2903127;11.46;



7565;2908128;11.49;



7565;2913128;11.46;



7565;2918129;11.46;



7565;2923130;11.46;



7565;2928132;11.46;



7565;2933133;11.46;



7565;2938133;11.44;



7565;2943134;11.46;



7565;2948135;11.46;



7565;2953137;11.41;



7565;2958138;11.46;



7565;2963138;11.41;



7565;2968139;11.46;



7565;2973140;11.49;



7565;2978142;11.49;



7565;2983142;11.49;



7565;2988143;11.46;



7565;2993144;11.46;



7565;2998146;11.46;



7565;3003146;11.46;



7565;3008147;11.44;



7565;3013148;11.44;



7565;3018149;11.49;



7565;3023151;11.46;



7565;3028151;11.46;



7565;3033152;11.46;



7565;3038153;11.46;



7565;3043154;11.41;



7565;3048155;11.46;



7565;3053156;11.44;



7565;3058157;11.46;



7565;3063158;11.46;



7565;3068160;11.49;



7565;3073160;11.46;



7565;3078161;11.46;



7565;3083162;11.41;



7565;3088163;11.44;



7565;3093164;11.44;



7565;3098165;11.44;



7565;3103166;11.44;



7565;3108167;11.41;



7565;3113168;11.44;



7565;3118169;11.46;



7565;3123170;11.46;



7565;3128171;11.44;



7565;3133172;11.44;



7565;3138172;11.44;



7565;3143174;11.46;



7565;3148175;11.41;



7565;3153176;11.46;



7565;3158177;11.44;



7565;3163177;11.44;



7565;3168179;11.41;



7565;3173180;11.44;



7565;3178181;11.44;



7565;3183181;11.41;



7565;3188183;11.44;



7565;3193184;11.46;



7565;3198185;11.46;



7565;3203186;11.41;



7565;3208186;11.41;



7565;3213188;11.44;



7565;3218189;11.49;



7565;3223190;11.46;



7565;3228190;11.41;



7565;3233191;11.41;



7565;3238193;11.41;



7565;3243194;11.46;



7565;3248195;11.41;



7565;3253195;11.46;



7565;3258196;11.44;



7565;3263198;11.44;



7565;3268199;11.44;



7565;3273199;11.44;



7565;3278200;11.46;



7565;3283202;11.41;



7565;3288203;11.41;



7565;3293204;11.46;



7565;3298204;11.46;



7565;3303205;11.46;



7565;3308207;11.44;



7565;3313208;11.41;



7565;3318208;11.44;



7565;3323209;11.41;



7565;3328210;11.44;



7565;3333212;11.41;



7565;3338213;11.41;



7565;3343213;11.44;



7565;3348214;11.41;



7565;3353216;11.44;



7565;3358217;11.46;



7565;3363217;11.44;



7565;3368218;11.46;



7565;3373219;11.44;



7565;3378221;11.44;



7565;3383222;11.41;



7565;3388222;11.41;



7565;3393223;11.41;



7565;3398224;11.44;



7565;3403226;11.41;



7565;3408226;11.46;



7565;3413227;11.44;



7565;3418228;11.41;



7565;3423229;11.41;



7565;3428230;11.41;



7565;3433231;11.41;



7565;3438232;11.41;



7565;3443233;11.44;



7565;3448235;11.44;



7565;3453235;11.41;



7565;3458236;11.39;



7565;3463237;11.46;



7565;3468238;11.41;



7565;3473240;11.39;



7565;3478240;11.46;



7565;3483241;11.41;



7565;3488242;11.41;



7565;3493243;11.41;



7565;3498244;11.41;



7565;3503245;11.41;



7565;3508246;11.41;



7565;3513247;11.44;



7565;3518247;11.44;



7565;3523249;11.41;



7565;3528250;11.41;



7565;3533251;11.41;



7565;3538252;11.44;



7565;3543252;11.44;



7565;3548254;11.41;



7565;3553255;11.41;



7565;3558256;11.39;



7565;3563256;11.41;



7565;3568258;11.41;



7565;3573259;11.39;



7565;3578260;11.41;



7565;3583261;11.39;



7565;3588261;11.39;



7565;3593263;11.41;



7565;3598264;11.41;



7565;3603265;11.41;



7565;3608265;11.46;



7565;3613266;11.41;



7565;3618268;11.44;



7565;3623269;11.41;



7565;3628270;11.44;



7565;3633270;11.41;



7565;3638272;11.39;



7565;3643273;11.44;



7565;3648274;11.41;



7565;3653274;11.39;



7565;3658275;11.39;



7565;3663277;11.39;



7565;3668278;11.41;



7565;3673279;11.41;



7565;3678279;11.41;



7565;3683280;11.36;



7565;3688282;11.41;



7565;3693283;11.39;



7565;3698283;11.41;



7565;3703284;11.39;



7565;3708285;11.41;



7565;3713287;11.41;



7565;3718288;11.39;



7565;3723288;11.44;



7565;3728289;11.41;



7565;3733291;11.41;



7565;3738292;11.39;



7565;3743292;11.41;



7565;3748293;11.39;



7565;3753294;11.39;



7565;3758296;11.41;



7565;3763297;11.44;



7565;3768297;11.41;



7565;3773298;11.41;



7565;3778299;11.39;



7565;3783301;11.39;



7565;3788301;11.41;



7565;3793302;11.41;



7565;3798303;11.41;



7565;3803304;11.39;



7565;3808306;11.39;



7565;3813306;11.41;



7565;3818307;11.39;



7565;3823308;11.39;



7565;3828310;11.41;



7565;3833310;11.39;



7565;3838311;11.41;



7565;3843312;11.39;



7565;3848313;11.39;



7565;3853315;11.44;



7565;3858315;11.39;



7565;3863316;11.41;



7565;3868317;11.39;



7565;3873318;11.39;



7565;3878319;11.41;



7565;3883320;11.39;



7565;3888321;11.39;



7565;3893322;11.39;



7565;3898323;11.41;



7565;3903324;11.39;



7565;3908325;11.44;



7565;3913326;11.44;



7565;3918327;11.44;



7565;3923328;11.44;



7565;3928329;11.39;



7565;3933330;11.36;



7565;3938331;11.39;



7565;3943332;11.39;



7565;3948333;11.39;



7565;3953334;11.41;



7565;3958335;11.41;



7565;3963336;11.39;



7565;3968336;11.41;



7565;3973338;11.36;



7565;3978339;11.39;



7565;3983340;11.39;



7565;3988341;11.36;



7565;3993341;11.36;



7565;3998343;11.41;



7565;4003344;11.41;



7565;4008345;11.41;



7565;4013345;11.41;



7565;4018347;11.41;



7565;4023348;11.39;



7565;4028349;11.39;



7565;4033350;11.36;



7565;4038350;11.41;



7565;4043352;11.39;



7565;4048353;11.39;



7565;4053354;11.39;



7565;4058354;11.39;



7565;4063355;11.39;



7565;4068357;11.39;



7565;4073358;11.39;



7565;4078359;11.39;



7565;4083359;11.41;



7565;4088360;11.39;



7565;4093362;11.39;



7565;4098363;11.39;



7565;4103363;11.39;



7565;4108364;11.36;



7565;4113366;11.39;



7565;4118367;11.39;



7565;4123367;11.39;



7565;4128368;11.41;



7565;4133369;11.39;



7565;4138371;11.39;



7565;4143372;11.39;



7565;4148372;11.41;



7565;4153373;11.39;



7565;4158374;11.39;



7565;4163376;11.36;



7565;4168376;11.39;



7565;4173377;11.39;



7565;4178378;11.39;



7565;4183379;11.39;



7565;4188381;11.39;



7565;4193381;11.39;



7565;4198382;11.41;



7565;4203383;11.36;



7565;4208385;11.36;



7565;4213385;11.34;



7565;4218386;11.39;



7565;4223387;11.39;



7565;4228388;11.41;



7565;4233390;11.41;



7565;4238390;11.39;



7565;4243391;11.36;



7565;4248392;11.36;



7565;4253393;11.41;



7565;4258394;11.36;



7565;4263395;11.41;



7565;4268396;11.41;



7565;4273397;11.39;



7565;4278398;11.36;



7565;4283399;11.36;



7565;4288400;11.36;



7565;4293401;11.36;



7565;4298402;11.34;



7565;4303403;11.39;



7565;4308404;11.39;



7565;4313405;11.36;



7565;4318406;11.39;



7565;4323407;11.41;



7565;4328408;11.39;



7565;4333409;11.39;



7565;4338410;11.36;



7565;4343411;11.39;



7565;4348411;11.39;



7565;4353413;11.36;



7565;4358414;11.39;



7565;4363415;11.36;



7565;4368416;11.41;



7565;4373416;11.39;



7565;4378418;11.36;



7565;4383419;11.36;



7565;4388420;11.36;



7565;4393420;11.36;



7565;4398422;11.39;



7565;4403423;11.36;



7565;4408424;11.36;



7565;4413425;11.36;



7565;4418425;11.41;



7565;4423427;11.41;



7565;4428428;11.34;



7565;4433429;11.34;



7565;4438429;11.34;



7565;4443430;11.36;



7565;4448432;11.36;



7565;4453433;11.39;



7565;4458434;11.36;



7565;4463434;11.39;



7565;4468435;11.39;



7565;4473437;11.34;



7565;4478438;11.34;



7565;4483438;11.34;



7565;4488439;11.34;



7565;4493441;11.31;



7565;4498442;11.34;



7565;4503442;11.36;



7565;4508443;11.34;



7565;4513444;11.34;



7565;4518446;11.36;



7565;4523447;11.39;



7565;4528447;11.36;



7565;4533448;11.34;



7565;4538449;11.36;



7565;4543451;11.39;



7565;4548451;11.34;



7565;4553452;11.36;



7565;4558453;11.39;



7565;4563454;11.36;



7565;4568456;11.36;



7565;4573456;11.39;



7565;4578457;11.34;



7565;4583458;11.36;



7565;4588460;11.34;



7565;4593460;11.39;



7565;4598461;11.36;



7565;4603462;11.36;



7565;4608463;11.34;



7565;4613465;11.39;



7565;4618465;11.36;



7565;4623466;11.36;



7565;4628467;11.39;



7565;4633468;11.36;



7565;4638469;11.34;



7565;4643470;11.36;



7565;4648471;11.39;



7565;4653472;11.34;



7565;4658473;11.34;



7565;4663474;11.39;



7565;4668475;11.36;



7565;4673476;11.34;



7565;4678477;11.36;



7565;4683478;11.36;



7565;4688479;11.39;



7565;4693480;11.39;



7565;4698481;11.36;



7565;4703482;11.34;



7565;4708483;11.31;



7565;4713484;11.31;



7565;4718485;11.36;



7565;4723486;11.36;



7565;4728486;11.36;



7565;4733488;11.34;



7565;4738489;11.34;



7565;4743490;11.34;



7565;4748491;11.31;



7565;4753491;11.34;



7565;4758493;11.31;



7565;4763494;11.36;



7565;4768495;11.34;



7565;4773495;11.34;



7565;4778497;11.36;



7565;4783498;11.34;



7565;4788499;11.36;



7565;4793500;11.34;



7565;4798500;11.36;



7565;4803502;11.34;



7565;4808503;11.36;



7565;4813504;11.31;



7565;4818504;11.34;



7565;4823505;11.34;



7565;4828507;11.34;



7565;4833508;11.34;



7565;4838509;11.34;



7565;4843509;11.34;



7565;4848510;11.34;



7565;4853512;11.36;



7565;4858513;11.31;



7565;4863513;11.34;



7565;4868514;11.34;



7565;4873516;11.34;



7565;4878517;11.34;



7565;4883518;11.34;



7565;4888518;11.36;



7565;4893519;11.31;



7565;4898521;11.34;



7565;4903522;11.34;



7565;4908523;11.34;



7565;4913523;11.34;



7565;4918524;11.36;



7565;4923526;11.34;



7565;4928527;11.36;



7565;4933527;11.34;



7565;4938528;11.34;



7565;4943529;11.34;



7565;4948531;11.31;



7565;4953532;11.34;



7565;4958532;11.31;



7565;4963533;11.36;



7565;4968535;11.31;



7565;4973536;11.31;



7565;4978536;11.34;



7565;4983537;11.31;



7565;4988538;11.34;



7565;4993540;11.36;



7565;4998541;11.34;



7565;5003541;11.34;



7565;5008542;11.34;



7565;5013543;11.34;



7565;5018545;11.31;



7565;5023545;11.31;



7565;5028546;11.34;



7565;5033547;11.31;



7565;5038548;11.31;



7565;5043550;11.34;



7565;5048550;11.36;



7565;5053551;11.34;



7565;5058552;11.34;



7565;5063554;11.31;



7565;5068554;11.31;



7565;5073555;11.29;



7565;5078556;11.34;



7565;5083557;11.34;



7565;5088559;11.34;



7565;5093559;11.31;



7565;5098560;11.34;



7565;5103561;11.34;



7565;5108562;11.31;



7565;5113563;11.31;



7565;5118564;11.34;



7565;5123565;11.31;



7565;5128566;11.34;



7565;5133568;11.29;



7565;5138568;11.31;



7565;5143569;11.34;



7565;5148570;11.34;



7565;5153571;11.31;



7565;5158572;11.36;



7565;5163573;11.34;



7565;5168574;11.34;



7565;5173575;11.34;



7565;5178576;11.31;



7565;5183577;11.29;



7565;5188578;11.31;



7565;5193579;11.29;



7565;5198580;11.31;



7565;5203580;11.29;



7565;5208582;11.36;



7565;5213583;11.34;



7565;5218584;11.31;



7565;5223585;11.31;



7565;5228585;11.29;



7565;5233587;11.29;



7565;5238588;11.31;



7565;5243589;11.31;



7565;5248589;11.31;



7565;5253591;11.31;



7565;5258592;11.31;



7565;5263593;11.34;



7565;5268594;11.31;



7565;5273594;11.31;



7565;5278596;11.31;



7565;5283597;11.34;



7565;5288598;11.29;



7565;5293598;11.31;



7565;5298599;11.31;



7565;5303601;11.31;



7565;5308602;11.31;



7565;5313603;11.29;



7565;5318603;11.34;



7565;5323604;11.31;



7565;5328606;11.29;



7565;5333607;11.31;



7565;5338607;11.31;



7565;5343608;11.31;



7565;5348610;11.34;



7565;5353611;11.29;



7565;5358612;11.31;



7565;5363612;11.31;



7565;5368613;11.34;



7565;5373615;11.29;



7565;5378616;11.31;



7565;5383616;11.31;



7565;5388617;11.29;



7565;5393618;11.34;



7565;5398620;11.31;



7565;5403621;11.31;



7565;5408621;11.34;



7565;5413622;11.29;



7565;5418624;11.31;



7565;5423625;11.31;



7565;5428625;11.31;



7565;5433626;11.31;



7565;5438627;11.27;



7565;5443629;11.34;



7565;5448630;11.31;



7565;5453630;11.29;



7565;5458631;11.31;



7565;5463632;11.31;



7565;5468634;11.31;



7565;5473634;11.31;



7565;5478635;11.31;



7565;5483636;11.31;



7565;5488637;11.31;



7565;5493639;11.31;



7565;5498639;11.29;



7565;5503640;11.31;



7565;5508641;11.31;



7565;5513643;11.29;



7565;5518643;11.31;



7565;5523644;11.27;



7565;5528645;11.31;



7565;5533646;11.29;



7565;5538648;11.31;



7565;5543648;11.31;



7565;5548649;11.27;



7565;5553650;11.29;



7565;5558651;11.34;



7565;5563652;11.29;



7565;5568653;11.31;



7565;5573654;11.29;



7565;5578655;11.29;



7565;5583656;11.29;



7565;5588657;11.29;



7565;5593658;11.29;



7565;5598659;11.34;



7565;5603660;11.29;



7565;5608660;11.29;



7565;5613662;11.31;



7565;5618663;11.29;



7565;5623664;11.31;



7565;5628665;11.29;



7565;5633666;11.31;



7565;5638667;11.29;



7565;5643668;11.31;



7565;5648669;11.29;



7565;5653669;11.31;



7565;5658671;11.34;



7565;5663672;11.29;



7565;5668673;11.31;



7565;5673674;11.29;



7565;5678674;11.27;



7565;5683676;11.31;



7565;5688677;11.27;



7565;5693678;11.29;



7565;5698678;11.29;



7565;5703680;11.29;



7565;5708681;11.27;



7565;5713682;11.31;



7565;5718683;11.27;



7565;5723683;11.31;



7565;5728685;11.29;



7565;5733686;11.29;



7565;5738687;11.31;



7565;5743687;11.29;



7565;5748688;11.29;



7565;5753690;11.29;



7565;5758691;11.29;



7565;5763692;11.27;



7565;5768692;11.29;



7565;5773693;11.29;



7565;5778695;11.31;



7565;5783696;11.27;



7565;5788696;11.29;



7565;5793697;11.27;



7565;5798699;11.31;



7565;5803700;11.29;



7565;5808701;11.29;



7565;5813701;11.27;



7565;5818702;11.29;



7565;5823704;11.29;



7565;5828705;11.29;



7565;5833705;11.29;



7565;5838706;11.29;



7565;5843707;11.31;



7565;5848709;11.27;



7565;5853710;11.29;



7565;5858710;11.29;



7565;5863711;11.29;



7565;5868712;11.29;



7565;5873714;11.27;



7565;5878714;11.31;



7565;5883715;11.31;



7565;5888716;11.29;



7565;5893718;11.29;



7565;5898718;11.24;



7565;5903719;11.27;



7565;5908720;11.27;



7565;5913721;11.27;



7565;5918723;11.27;



7565;5923723;11.31;



7565;5928724;11.31;



7565;5933725;11.29;



7565;5938726;11.29;



7565;5943727;11.29;



7565;5948728;11.29;



7565;5953729;11.27;



7565;5958730;11.27;



7565;5963731;11.31;



7565;5968732;11.24;



7565;5973733;11.29;



7565;5978734;11.29;



7565;5983735;11.27;



7565;5988736;11.31;



7565;5993737;11.27;



7565;5998738;11.27;



7565;6003739;11.29;



7565;6008740;11.27;



7565;6013741;11.31;



7565;6018742;11.27;



7565;6023743;11.24;



7565;6028744;11.27;



7565;6033744;11.29;



7565;6038746;11.27;



7565;6043747;11.29;



7565;6048748;11.27;



7565;6053749;11.29;



7565;6058749;11.29;



7565;6063751;11.24;



7565;6068752;11.27;



7565;6073753;11.27;



7565;6078753;11.29;



7565;6083755;11.29;



7565;6088756;11.27;



7565;6093757;11.24;



7565;6098758;11.29;



7565;6103758;11.29;



7565;6108760;11.24;



7565;6113761;11.27;



7565;6118762;11.29;



7565;6123762;11.29;



7565;6128763;11.29;



7565;6133765;11.27;



7565;6138766;11.22;



7565;6143767;11.27;



7565;6148767;11.24;



7565;6153768;11.22;



7565;6158770;11.24;



7565;6163771;11.24;



7565;6168771;11.22;



7565;6173772;11.27;



7565;6178774;11.27;



7565;6183775;11.22;



7565;6188776;11.27;



7565;6193776;11.24;



7565;6198777;11.29;



7565;6203779;11.29;



7565;6208780;11.27;



7565;6213780;11.29;



7565;6218781;11.27;



7565;6223782;11.24;



7565;6228784;11.27;



7565;6233785;11.24;



7565;6238785;11.24;



7565;6243786;11.27;



7565;6248787;11.29;



7565;6253789;11.27;



7565;6258790;11.29;



7565;6263790;11.29;



7565;6268791;11.27;



7565;6273793;11.29;



7565;6278794;11.24;



7565;6283794;11.24;



7565;6288795;11.24;



7565;6293796;11.29;



7565;6298798;11.19;



7565;6303799;11.24;



7565;6308799;11.24;



7565;6313800;11.24;



7565;6318801;11.27;



7565;6323803;11.24;



7565;6328803;11.24;



7565;6333804;11.27;



7565;6338805;11.24;



7565;6343806;11.24;



7565;6348808;11.24;



7565;6353808;11.29;



7565;6358809;11.24;



7565;6363810;11.24;



7565;6368812;11.27;



7565;6373812;11.22;



7565;6378813;11.22;



7565;6383814;11.24;



7565;6388815;11.24;



7565;6393817;11.27;



7565;6398817;11.27;



7565;6403818;11.24;



7565;6408819;11.19;



7565;6413820;11.24;



7565;6418821;11.22;



7565;6423822;11.24;



7565;6428823;11.27;



7565;6433824;11.24;



7565;6438825;11.24;



7565;6443826;11.24;



7565;6448827;11.22;



7565;6453828;11.27;



7565;6458829;11.24;



7565;6463830;11.24;



7565;6468831;11.27;



7565;6473832;11.27;



7565;6478833;11.22;



7565;6483834;11.27;



7565;6488835;11.27;



7565;6493836;11.22;



7565;6498837;11.24;



7565;6503838;11.22;



7565;6508838;11.27;



7565;6513840;11.27;



7565;6518841;11.27;



7565;6523842;11.24;



7565;6528843;11.24;



7565;6533843;11.22;



7565;6538845;11.22;



7565;6543846;11.24;



7565;6548847;11.24;



7565;6553847;11.27;



7565;6558849;11.24;



7565;6563850;11.27;



7565;6568851;11.27;



7565;6573852;11.24;



7565;6578852;11.22;



7565;6583854;11.24;



7565;6588855;11.24;



7565;6593856;11.27;



7565;6598856;11.22;



7565;6603857;11.24;



7565;6608859;11.24;



7565;6613860;11.19;



7565;6618861;11.22;



7565;6623861;11.27;



7565;6628862;11.24;



7565;6633864;11.24;



7565;6638865;11.24;



7565;6643865;11.22;



7565;6648866;11.24;



7565;6653868;11.24;



7565;6658869;11.24;



7565;6663869;11.27;



7565;6668870;11.22;



7565;6673871;11.24;



7565;6678873;11.22;



7565;6683874;11.22;



7565;6688874;11.22;



7565;6693875;11.22;



7565;6698876;11.24;



7565;6703878;11.22;



7565;6708878;11.19;



7565;6713879;11.24;



7565;6718880;11.22;



7565;6723881;11.24;



7565;6728883;11.22;



7565;6733883;11.24;



7565;6738884;11.24;



7565;6743885;11.24;



7565;6748887;11.19;



7565;6753887;11.19;



7565;6758888;11.22;



7565;6763889;11.22;



7565;6768890;11.24;



7565;6773892;11.22;



7565;6778892;11.22;



7565;6783893;11.22;



7565;6788894;11.22;



7565;6793895;11.24;



7565;6798896;11.22;



7565;6803897;11.22;



7565;6808898;11.24;



7565;6813899;11.22;



7565;6818900;11.24;



7565;6823901;11.22;



7565;6828902;11.24;



7565;6833903;11.24;



7565;6838904;11.19;



7565;6843905;11.24;



7565;6848906;11.19;



7565;6853907;11.22;



7565;6858908;11.22;



7565;6863909;11.19;



7565;6868910;11.24;



7565;6873911;11.22;



7565;6878912;11.24;



7565;6883913;11.19;



7565;6888913;11.24;



7565;6893915;11.24;



7565;6898916;11.24;



7565;6903917;11.19;



7565;6908918;11.19;



7565;6913918;11.22;



7565;6918920;11.24;



7565;6923921;11.24;



7565;6928922;11.24;



7565;6933922;11.22;



7565;6938924;11.24;



7565;6943925;11.24;



7565;6948926;11.19;



7565;6953927;11.19;



7565;6958927;11.22;



7565;6963929;11.22;



7565;6968930;11.22;



7565;6973931;11.17;



7565;6978931;11.22;



7565;6983932;11.22;



7565;6988934;11.22;



7565;6993935;11.22;



7565;6998936;11.19;



7565;7003936;11.19;



7565;7008937;11.22;



7565;7013939;11.19;



7565;7018940;11.22;



7565;7023940;11.17;



7565;7028941;11.19;



7565;7033943;11.22;



7565;7038944;11.22;



7565;7043945;11.22;



7565;7048945;11.22;



7565;7053946;11.19;



7565;7058948;11.22;



7565;7063949;11.22;



7565;7068949;11.19;



7565;7073950;11.19;



7565;7078951;11.24;



7565;7083953;11.22;



7565;7088954;11.19;



7565;7093954;11.19;



7565;7098955;11.19;



7565;7103956;11.19;



7565;7108958;11.17;



7565;7113958;11.19;



7565;7118959;11.19;



7565;7123960;11.22;



7565;7128962;11.19;



7565;7133963;11.19;



7565;7138963;11.22;



7565;7143964;11.19;



7565;7148965;11.22;



7565;7153967;11.19;



7565;7158967;11.19;



7565;7163968;11.19;



7565;7168969;11.17;



7565;7173970;11.17;



7565;7178972;11.19;



7565;7183972;11.19;



7565;7188973;11.17;



7565;7193974;11.17;



7565;7198976;11.22;



7565;7203976;11.19;



7565;7208977;11.22;



7565;7213978;11.22;



7565;7218979;11.22;



7565;7223981;11.19;



7565;7228981;11.22;



7565;7233982;11.19;



7565;7238983;11.22;



7565;7243984;11.19;



7565;7248985;11.19;



7565;7253986;11.17;



7565;7258987;11.22;



7565;7263988;11.19;



7565;7268989;11.19;



7565;7273990;11.19;



7565;7278991;11.17;



7565;7283992;11.17;



7565;7288993;11.17;



7565;7293995;11.19;



7565;7298995;11.22;



7565;7303996;11.19;



7565;7308997;11.22;



7565;7313998;11.19;



7565;7318999;11.19;



7565;7324000;11.14;



7565;7329001;11.19;



7565;7334002;11.19;



7565;7339003;11.22;



7565;7344004;11.19;



7565;7349005;11.19;



7565;7354006;11.19;



7565;7359007;11.19;



7565;7364007;11.19;



7565;7369009;11.17;



7565;7374010;11.19;



7565;7379011;11.19;



7565;7384012;11.22;



7565;7389012;11.22;



7565;7394014;11.19;



7565;7399015;11.19;



7565;7404016;11.19;



7565;7409016;11.17;



7565;7414018;11.22;



7565;7419019;11.19;



7565;7424020;11.14;



7565;7429021;11.17;



7565;7434021;11.17;



7565;7439023;11.14;



7565;7444024;11.17;



7565;7449025;11.17;



7565;7454025;11.17;



7565;7459026;11.17;



7565;7464028;11.14;



7565;7469029;11.19;



7565;7474030;11.22;



7565;7479030;11.19;



7565;7484032;11.19;



7565;7489033;11.17;



7565;7494034;11.19;



7565;7499034;11.19;



7565;7504035;11.17;



7565;7509037;11.17;



7565;7514038;11.14;



7565;7519039;11.19;



7565;7524039;11.22;



7565;7529040;11.14;



7565;7534042;11.14;



7565;7539043;11.17;



7565;7544043;11.17;



7565;7549044;11.19;



7565;7554045;11.17;



7565;7559047;11.17;



7565;7564048;11.17;



7565;7569048;11.17;



7565;7574049;11.19;



7565;7579051;11.19;



7565;7584052;11.19;



7565;7589052;11.17;



7565;7594053;11.19;



7565;7599054;11.14;



7565;7604056;11.17;



7565;7609057;11.17;



7565;7614057;11.17;



7565;7619058;11.14;



7565;7624059;11.22;



7565;7629061;11.19;



7565;7634062;11.17;



7565;7639062;11.19;



7565;7644063;11.14;



7565;7649064;11.17;



7565;7654066;11.17;



7565;7659066;11.19;



7565;7664067;11.14;



7565;7669068;11.14;



7565;7674070;11.14;



7565;7679071;11.14;



7565;7684071;11.17;



7565;7689072;11.14;



7565;7694073;11.17;



7565;7699075;11.19;



7565;7704075;11.17;



7565;7709076;11.17;



7565;7714077;11.17;



7565;7719078;11.19;



7565;7724080;11.14;



7565;7729080;11.19;



7565;7734081;11.19;



7565;7739082;11.17;



7565;7744083;11.17;



7565;7749084;11.17;



7565;7754085;11.12;



7565;7759086;11.19;



7565;7764087;11.14;



7565;7769089;11.17;



7565;7774089;11.17;



7565;7779090;11.12;



7565;7784091;11.17;



7565;7789092;11.14;



7565;7794093;11.14;



7565;7799094;11.17;



7565;7804095;11.19;



7565;7809096;11.19;



7565;7814097;11.14;



7565;7819098;11.14;



7565;7824099;11.17;



7565;7829100;11.19;



7565;7834101;11.17;



7565;7839101;11.14;



7565;7844103;11.19;



7565;7849104;11.14;



7565;7854105;11.17;



7565;7859106;11.17;



7565;7864107;11.19;



7565;7869108;11.14;



7565;7874109;11.14;



7565;7879110;11.12;



7565;7884111;11.14;



7565;7889112;11.12;



7565;7894113;11.12;



7565;7899114;11.17;



7565;7904115;11.19;



7565;7909115;11.12;



7565;7914117;11.17;



7565;7919118;11.17;



7565;7924119;11.14;



7565;7929120;11.17;



7565;7934120;11.14;



7565;7939122;11.14;



7565;7944123;11.14;



7565;7949124;11.17;



7565;7954124;11.14;



7565;7959126;11.17;



7565;7964127;11.17;



7565;7969128;11.14;



7565;7974129;11.17;



7565;7979129;11.14;



7565;7984131;11.12;



7565;7989132;11.12;



7565;7994133;11.14;



7565;7999133;11.14;



7565;8004134;11.14;



7565;8009136;11.14;



7565;8014137;11.14;



7565;8019138;11.17;



7565;8024138;11.14;



7565;8029139;11.12;



7565;8034141;11.14;



7565;8039142;11.12;



7565;8044142;11.12;



7565;8049143;11.14;



7565;8054145;11.12;



7565;8059146;11.09;



7565;8064147;11.12;



7565;8069147;11.12;



7565;8074148;11.14;



7565;8079150;11.17;



7565;8084151;11.14;



7565;8089151;11.17;



7565;8094152;11.12;



7565;8099153;11.12;



7565;8104155;11.14;



7565;8109156;11.12;



7565;8114156;11.17;



7565;8119157;11.12;



7565;8124158;11.14;



7565;8129160;11.17;



7565;8134161;11.14;



7565;8139161;11.14;



7565;8144162;11.14;



7565;8149164;11.14;



7565;8154165;11.12;



7565;8159165;11.14;



7565;8164166;11.14;



7565;8169167;11.17;



7565;8174169;11.14;



7565;8179170;11.17;



7565;8184170;11.14;



7565;8189171;11.14;



7565;8194172;11.12;



7565;8199174;11.14;



7565;8204174;11.12;



7565;8209175;11.14;



7565;8214176;11.14;



7565;8219177;11.12;



7565;8224179;11.14;



7565;8229179;11.12;



7565;8234180;11.14;



7565;8239181;11.12;



7565;8244183;11.12;



7565;8249183;11.12;



7565;8254184;11.17;



7565;8259185;11.12;



7565;8264186;11.14;



7565;8269188;11.17;



7565;8274188;11.12;



7565;8279189;11.12;



7565;8284190;11.09;



7565;8289191;11.14;



7565;8294192;11.14;



7565;8299193;11.12;



7565;8304194;11.12;



7565;8309195;11.12;



7565;8314196;11.14;



7565;8319197;11.12;



7565;8324198;11.09;



7565;8329199;11.09;



7565;8334200;11.09;



7565;8339201;11.12;



7565;8344202;11.12;



7565;8349203;11.09;



7565;8354204;11.14;



7565;8359205;11.12;



7565;8364206;11.09;



7565;8369207;11.09;



7565;8374208;11.09;



7565;8379209;11.12;



7565;8384209;11.14;



7565;8389211;11.09;



7565;8394212;11.12;



7565;8399213;11.12;



7565;8404214;11.09;



7565;8409214;11.09;



7565;8414216;11.07;



7565;8419217;11.12;



7565;8424218;11.09;



7565;8429218;11.09;



7565;8434220;11.07;



7565;8439221;11.12;



7565;8444222;11.07;



7565;8449222;11.09;



7565;8454223;11.12;



7565;8459225;11.12;



7565;8464226;11.14;



7565;8469227;11.09;



7565;8474227;11.09;



7565;8479228;11.07;



7565;8484230;11.12;



7565;8489231;11.09;



7565;8494231;11.12;



7565;8499232;11.14;



7565;8504233;11.09;



7565;8509235;11.09;



7565;8514236;11.09;



7565;8519236;11.14;



7565;8524237;11.09;



7565;8529239;11.09;



7565;8534240;11.12;



7565;8539240;11.12;



7565;8544241;11.09;



7565;8549242;11.12;



7565;8554244;11.12;



7565;8559245;11.09;



7565;8564245;11.09;



7565;8569246;11.09;



7565;8574247;11.09;



7565;8579249;11.07;



7565;8584249;11.07;



7565;8589250;11.09;



7565;8594251;11.14;



7565;8599252;11.12;



7565;8604254;11.09;



7565;8609254;11.12;



7565;8614255;11.09;



7565;8619256;11.07;



7565;8624258;11.12;



7565;8629258;11.07;



7565;8634259;11.09;



7565;8639260;11.07;



7565;8644261;11.07;



7565;8649262;11.09;



7565;8654263;11.07;



7565;8659264;11.07;



7565;8664265;11.12;



7565;8669266;11.09;



7565;8674267;11.09;



7565;8679268;11.09;



7565;8684269;11.09;



7565;8689270;11.09;



7565;8694270;11.09;



7565;8699272;11.09;



7565;8704273;11.09;



7565;8709274;11.09;



7565;8714275;11.09;



7565;8719276;11.07;



7565;8724277;11.09;



7565;8729278;11.07;



7565;8734279;11.12;



7565;8739279;11.07;



7565;8744281;11.09;



7565;8749282;11.07;



7565;8754283;11.12;



7565;8759283;11.09;



7565;8764284;11.12;



7565;8769286;11.12;



7565;8774287;11.09;



7565;8779288;11.09;



7565;8784288;11.09;



7565;8789289;11.09;



7565;8794291;11.12;



7565;8799292;11.09;



7565;8804292;11.07;



7565;8809293;11.07;



7565;8814295;11.07;



7565;8819296;11.09;



7565;8824297;11.07;



7565;8829297;11.07;



7565;8834298;11.12;



7565;8839300;11.07;



7565;8844301;11.12;



7565;8849301;11.09;



7565;8854302;11.07;



7565;8859303;11.07;



7565;8864305;11.07;



7565;8869306;11.07;



7565;8874306;11.05;



7565;8879307;11.07;



7565;8884308;11.09;



7565;8889310;11.07;



7565;8894310;11.09;



7565;8899311;11.09;



7565;8904312;11.07;



7565;8909314;11.05;



7565;8914314;11.09;



7565;8919315;11.09;



7565;8924316;11.09;



7565;8929317;11.09;



7565;8934319;11.07;



7565;8939319;11.07;



7565;8944320;11.05;



7565;8949321;11.05;



7565;8954322;11.09;



7565;8959323;11.07;



7565;8964324;11.05;



7565;8969325;11.09;



7565;8974326;11.05;



7565;8979328;11.09;



7565;8984328;11.07;



7565;8989329;11.05;



7565;8994330;11.05;



7565;8999331;11.09;



7565;9004332;11.12;



7565;9009333;11.09;



7565;9014334;11.07;



7565;9019335;11.07;



7565;9024335;11.07;



7565;9029337;11.07;



7565;9034338;11.07;



7565;9039339;11.05;



7565;9044340;11.05;



7565;9049340;11.05;



7565;9054342;11.07;



7565;9059343;11.07;



7565;9064344;11.07;



7565;9069344;11.05;



7565;9074345;11.07;



7565;9079347;11.09;



7565;9084348;11.02;



7565;9089349;11.07;



7565;9094349;11.05;



7565;9099351;11.05;



7565;9104352;11.05;



7565;9109353;11.09;



7565;9114353;11.09;



7565;9119354;11.07;



7565;9124356;11.07;



7565;9129357;11.05;



7565;9134357;11.05;



7565;9139358;11.02;



7565;9144359;11.07;



7565;9149361;11.07;



7565;9154362;11.09;



7565;9159362;11.07;



7565;9164363;11.07;



7565;9169364;11.07;



7565;9174366;11.07;



7565;9179366;11.05;



7565;9184367;11.02;



7565;9189368;11.05;



7565;9194370;11.07;



7565;9199371;11.05;



7565;9204371;11.05;



7565;9209372;11.07;



7565;9214373;11.05;



7565;9219375;11.05;



7565;9224375;11.05;



7565;9229376;11.05;



7565;9234377;11.07;



7565;9239378;11.05;



7565;9244379;11.07;



7565;9249380;11.07;



7565;9254381;11.05;



7565;9259382;11.05;



7565;9264384;11.05;



7565;9269384;11.07;



7565;9274385;11.07;



7565;9279386;11.05;



7565;9284387;11.05;



7565;9289388;11.02;



7565;9294389;11.02;



7565;9299390;11.07;



7565;9304391;11.02;



7565;9309392;11.05;



7565;9314393;11.05;



7565;9319394;11.05;



7565;9324395;11.05;



7565;9329396;11.07;



7565;9334396;11.07;



7565;9339398;11.05;



7565;9344399;11.02;



7565;9349400;11.05;



7565;9354400;11.07;



7565;9359401;11.02;



7565;9364403;11.02;



7565;9369404;11.02;



7565;9374405;11.05;



7565;9379405;11.00;



7565;9384407;11.02;



7565;9389408;11.02;



7565;9394409;11.07;



7565;9399409;11.02;



7565;9404410;11.05;



7565;9409412;11.05;



7565;9414413;11.02;



7565;9419414;11.02;



7565;9424414;11.00;



7565;9429415;11.02;



7565;9434417;11.00;



7565;9439418;11.05;



7565;9444418;11.07;



7565;9449419;11.05;



7565;9454420;11.02;



7565;9459422;11.05;



7565;9464422;11.07;



7565;9469423;11.02;



7565;9474424;11.05;



7565;9479426;11.02;



7565;9484427;11.05;



7565;9489427;11.05;



7565;9494428;11.02;



7565;9499429;11.00;



7565;9504431;11.05;



7565;9509431;11.05;



7565;9514432;11.02;



7565;9519433;11.05;



7565;9524434;11.05;



7565;9529436;11.05;



7565;9534436;11.05;



7565;9539437;11.02;



7565;9544438;11.00;



7565;9549440;11.02;



7565;9554440;11.05;



7565;9559441;11.00;



7565;9564442;11.02;



7565;9569443;11.05;



7565;9574444;11.02;



7565;9579445;11.05;



7565;9584446;11.07;



7565;9589447;11.05;



7565;9594448;11.05;



7565;9599449;11.00;



7565;9604450;11.02;



7565;9609451;11.00;



7565;9614452;11.05;



7565;9619452;11.05;



7565;9624454;11.02;



7565;9629455;11.07;



7565;9634456;11.02;



7565;9639457;11.00;



7565;9644457;11.05;



7565;9649459;11.02;



7565;9654460;11.05;



7565;9659461;11.05;



7565;9664461;11.02;



7565;9669463;11.07;



7565;9674464;11.07;



7565;9679465;11.02;



7565;9684465;11.02;



7565;9689466;11.00;



7565;9694468;11.00;



7565;9699469;11.02;



7565;9704470;11.00;



7565;9709470;11.02;



7565;9714471;11.02;



7565;9719473;11.05;



7565;9724474;11.00;



7565;9729474;11.02;



7565;9734475;11.05;



7565;9739476;11.00;



7565;9744478;10.97;



7565;9749479;11.02;



7565;9754479;11.00;



7565;9759480;10.97;



7565;9764482;11.00;



7565;9769483;11.05;



7565;9774483;11.02;



7565;9779484;11.05;



7565;9784485;11.00;



7565;9789487;11.02;



7565;9794487;11.05;



7565;9799488;11.02;



7565;9804489;11.00;



7565;9809490;10.97;



7565;9814492;11.00;



7565;9819492;10.97;



7565;9824493;11.00;



7565;9829494;11.02;



7565;9834496;11.00;



7565;9839496;11.00;



7565;9844497;11.00;



7565;9849498;11.00;



7565;9854499;11.00;



7565;9859501;11.00;



7565;9864501;11.02;



7565;9869502;11.02;



7565;9874503;11.05;



7565;9879504;11.02;



7565;9884505;11.00;



7565;9889506;11.00;



7565;9894507;10.97;



7565;9899508;10.97;



7565;9904508;10.97;



7565;9909510;11.00;



7565;9914511;10.97;



7565;9919512;11.02;



7565;9924513;11.02;



7565;9929513;11.00;



7565;9934515;11.00;



7565;9939516;11.00;



7565;9944517;11.02;



7565;9949517;11.00;



7565;9954519;11.00;



7565;9959520;11.00;



7565;9964521;11.02;



7565;9969522;11.02;



7565;9974522;11.00;



7565;9979524;11.00;



7565;9984525;11.00;



7565;9989526;10.97;



7565;9994526;11.00;



7565;9999527;11.02;



7565;10004529;11.00;



7565;10009530;11.00;



7565;10014531;10.97;



7565;10019531;11.00;



7565;10024532;10.97;



7565;10029534;11.00;



7565;10034535;10.97;



7565;10039536;11.00;



7565;10044536;11.00;



7565;10049538;11.00;



7565;10054539;10.97;



7565;10059540;10.97;



7565;10064541;11.00;



7565;10069542;11.00;



7565;10074543;10.95;



7565;10079544;10.97;



7565;10084545;11.02;



7565;10089546;11.05;



7565;10094547;11.00;



7565;10099548;11.00;



7565;10104549;10.97;



7565;10109550;11.00;



7565;10114551;10.97;



7565;10119553;11.02;



7565;10124554;11.00;



7565;10129554;10.97;



7565;10134555;10.97;



7565;10139556;11.00;



7565;10144558;11.00;



7565;10149559;11.00;



7565;10154559;10.97;



7565;10159560;10.97;



7565;10164561;11.00;



7565;10169563;10.97;



7565;10174564;10.97;



7565;10179565;11.00;



7565;10184565;10.97;



7565;10189566;11.00;



7565;10194568;11.00;



7565;10199569;11.00;



7565;10204570;10.97;



7565;10209570;10.97;



7565;10214572;10.97;



7565;10219573;10.97;



7565;10224574;11.00;



7565;10229575;10.92;



7565;10234576;11.00;



7565;10239577;11.00;



7565;10244578;10.97;



7565;10249579;10.97;



7565;10254580;11.00;



7565;10259581;11.00;



7565;10264582;10.95;



7565;10269583;10.97;



7565;10274584;11.00;



7565;10279585;10.97;



7565;10284587;11.00;



7565;10289588;11.00;



7565;10294588;10.97;



7565;10299589;10.97;



7565;10304590;11.00;



7565;10309592;10.95;



7565;10314593;10.97;



7565;10319593;11.00;



7565;10324594;11.00;



7565;10329595;10.95;



7565;10334597;10.97;



7565;10339598;11.00;



7565;10344599;10.97;



7565;10349599;10.95;



7565;10354600;11.00;



7565;10359602;10.95;



7565;10364603;10.97;



7565;10369604;11.00;



7565;10374604;11.00;



7565;10379606;10.97;



7565;10384607;10.97;



7565;10389608;10.95;



7565;10394609;10.95;



7565;10399610;10.97;



7565;10404611;11.00;



7565;10409612;10.97;



7565;10414613;10.97;



7565;10419614;11.00;



7565;10424615;10.92;



7565;10429616;10.97;



7565;10434617;11.00;



7565;10439618;10.97;



7565;10444619;10.97;



7565;10449620;10.95;



7565;10454622;10.95;



7565;10459622;10.95;



7565;10464623;11.00;



7565;10469624;10.97;



7565;10474626;10.95;



7565;10479627;10.92;



7565;10484627;10.95;



7565;10489628;11.00;



7565;10494629;10.92;



7565;10499631;10.95;



7565;10504632;10.95;



7565;10509633;10.97;



7565;10514633;10.92;



7565;10519634;10.97;



7565;10524636;10.97;



7565;10529637;10.95;



7565;10534638;10.95;



7565;10539638;10.97;



7565;10544640;10.95;



7565;10549641;10.95;



7565;10554642;10.92;



7565;10559643;10.95;



7565;10564644;10.95;



7565;10569645;10.97;



7565;10574646;10.95;



7565;10579647;10.95;



7565;10584648;10.95;



7565;10589649;10.95;



7565;10594651;10.95;



7565;10599651;10.92;



7565;10604652;10.97;



7565;10609653;10.95;



7565;10614654;10.95;



7565;10619656;10.97;



7565;10624656;10.97;



7565;10629657;10.95;



7565;10634658;10.95;



7565;10639660;10.95;



7565;10644661;10.95;



7565;10649662;10.95;



7565;10654662;10.97;



7565;10659663;10.97;



7565;10664665;10.92;



7565;10669666;10.95;



7565;10674667;10.92;



7565;10679667;10.92;



7565;10684668;10.95;



7565;10689670;10.92;



7565;10694671;10.95;



7565;10699672;10.97;



7565;10704673;10.95;



7565;10709673;10.95;



7565;10714675;10.95;



7565;10719676;10.95;



7565;10724677;10.95;



7565;10729678;10.97;



7565;10734679;10.92;



7565;10739680;10.95;



7565;10744681;10.92;



7565;10749682;10.90;



7565;10754683;10.95;



7565;10759685;10.97;



7565;10764685;10.95;



7565;10769686;10.95;



7565;10774687;10.95;



7565;10779688;10.92;



7565;10784690;10.95;



7565;10789690;10.95;



7565;10794691;10.92;



7565;10799692;10.92;



7565;10804694;10.90;



7565;10809695;10.92;



7565;10814696;10.90;




7565;10854704;10.95;



7565;10859705;10.90;



7565;10864706;10.92;



7565;10869707;10.90;



7565;10874707;10.92;



7565;10879709;10.92;



7565;10884710;10.92;



7565;10889711;10.92;



7565;10894712;10.87;



7565;10899714;10.92;



7565;10904714;10.92;



7565;10909715;10.92;



7565;10914716;10.92;



7565;10919717;10.90;



7565;10924719;10.92;



7565;10929719;10.95;



7565;10934720;10.90;



7565;10939721;10.92;



7565;10944722;10.95;



7565;10949724;10.90;



7565;10954725;10.95;



7565;10959725;10.92;



7565;10964726;10.95;



7565;10969728;10.92;



7565;10974729;10.95;



7565;10979730;10.92;



7565;10984730;10.92;



7565;10989731;10.92;



7565;10994733;10.90;



7565;10999734;10.95;



7565;11004735;10.90;



7565;11009736;10.92;



7565;11014736;10.92;



7565;11019738;10.92;



7565;11024739;10.92;



7565;11029740;10.92;



7565;11034741;10.92;



7565;11039741;10.92;



7565;11044743;10.95;



7565;11049744;10.92;



7565;11054745;10.90;



7565;11059746;10.87;



7565;11064748;10.90;



7565;11069748;10.87;



7565;11074749;10.90;



7565;11079750;10.92;



7565;11084751;10.90;



7565;11089753;10.90;



7565;11094753;10.92;



7565;11099754;10.92;



7565;11104755;10.90;



7565;11109756;10.90;



7565;11114758;10.92;



7565;11119759;10.90;



7565;11124759;10.90;



7565;11129760;10.90;



7565;11134761;10.92;



7565;11139763;10.87;



7565;11144764;10.92;



7565;11149765;10.90;



7565;11154765;10.87;



7565;11159767;10.90;



7565;11164768;10.90;



7565;11169769;10.87;



7565;11174770;10.90;



7565;11179770;10.90;



7565;11184772;10.90;



7565;11189773;10.90;



7565;11194774;10.95;



7565;11199775;10.90;



7565;11204776;10.87;



7565;11209777;10.92;



7565;11214778;10.95;



7565;11219779;10.87;



7565;11224780;10.90;



7565;11229782;10.87;



7565;11234782;10.90;



7565;11239783;10.90;



7565;11244784;10.90;



7565;11249785;10.87;



7565;11254787;10.90;



7565;11259788;10.92;



7565;11264788;10.90;



7565;11269789;10.90;



7565;11274790;10.92;



7565;11279792;10.90;



7565;11284793;10.92;



7565;11289793;10.90;



7565;11294794;10.87;



7565;11299795;10.90;



7565;11304797;10.90;



7565;11309798;10.87;



7565;11314799;10.90;



7565;11319799;10.90;



7565;11324801;10.92;



7565;11329802;10.92;



7565;11334803;10.90;



7565;11339804;10.85;



7565;11344804;10.90;



7565;11349806;10.90;



7565;11354807;10.90;



7565;11359808;10.85;



7565;11364809;10.85;



7565;11369810;10.90;



7565;11374811;10.87;



7565;11379812;10.87;



7565;11384813;10.90;



7565;11389814;10.90;



7565;11394816;10.87;



7565;11399817;10.90;



7565;11404817;10.85;



7565;11409818;10.87;



7565;11414819;10.87;



7565;11419821;10.90;



7565;11424822;10.90;



7565;11429822;10.87;



7565;11434823;10.90;



7565;11439824;10.87;



7565;11444826;10.90;



7565;11449827;10.90;



7565;11454828;10.90;



7565;11459828;10.87;



7565;11464829;10.87;



7565;11469831;10.90;



7565;11474832;10.87;



7565;11479833;10.90;



7565;11484833;10.90;



7565;11489835;10.87;



7565;11494836;10.90;



7565;11499837;10.87;



7565;11504838;10.83;



7565;11509839;10.90;



7565;11514840;10.85;



7565;11519841;10.87;



7565;11524842;10.90;



7565;11529843;10.87;



7565;11534844;10.85;



7565;11539845;10.87;



7565;11544846;10.87;



7565;11549847;10.87;



7565;11554848;10.87;



7565;11559849;10.87;



7565;11564851;10.85;



7565;11569851;10.90;



7565;11574852;10.83;



7565;11579853;10.85;



7565;11584855;10.90;



7565;11589856;10.87;



7565;11594856;10.85;



7565;11599857;10.85;



7565;11604858;10.87;



7565;11609860;10.87;



7565;11614861;10.83;



7565;11619862;10.85;



7565;11624862;10.85;



7565;11629863;10.87;



7565;11634865;10.85;



7565;11639866;10.85;



7565;11644867;10.83;



7565;11649867;10.90;



7565;11654868;10.90;



7565;11659870;10.85;



7565;11664871;10.87;



7565;11669872;10.87;



7565;11674873;10.85;



7565;11679874;10.83;



7565;11684875;10.87;



7565;11689876;10.85;



7565;11694877;10.90;



7565;11699878;10.87;



7565;11704880;10.85;



7565;11709880;10.83;



7565;11714881;10.90;



7565;11719882;10.87;



7565;11724883;10.87;



7565;11729885;10.90;



7565;11734885;10.85;



7565;11739886;10.87;



7565;11744887;10.87;



7565;11749889;10.83;



7565;11754890;10.87;



7565;11759891;10.87;



7565;11764891;10.87;



7565;11769892;10.87;



7565;11774894;10.85;



7565;11779895;10.85;



7565;11784896;10.85;



7565;11789896;10.85;



7565;11794897;10.87;



7565;11799899;10.87;



7565;11804900;10.85;



7565;11809901;10.85;



7565;11814902;10.87;



7565;11819902;10.87;



7565;11824904;10.85;



7565;11829905;10.85;



7565;11834906;10.85;



7565;11839907;10.83;



7565;11844908;10.87;



7565;11849909;10.85;



7565;11854910;10.83;



7565;11859911;10.83;



7565;11864912;10.87;



7565;11869914;10.83;



7565;11874914;10.80;



7565;11879915;10.80;



7565;11884916;10.85;



7565;11889917;10.83;



7565;11894919;10.85;



7565;11899919;10.83;



7565;11904920;10.87;



7565;11909921;10.83;



7565;11914923;10.83;



7565;11919924;10.87;



7565;11924925;10.85;



7565;11929925;10.83;



7565;11934926;10.83;



7565;11939928;10.80;



7565;11944929;10.83;



7565;11949930;10.85;



7565;11954931;10.87;



7565;11959931;10.83;



7565;11964933;10.83;



7565;11969934;10.83;



7565;11974935;10.83;



7565;11979936;10.80;



7565;11984936;10.87;



7565;11989938;10.85;



7565;11994939;10.80;



7565;11999940;10.83;



7565;12004941;10.83;



7565;12009943;10.85;



7565;12014943;10.80;



7565;12019944;10.85;



7565;12024945;10.83;



7565;12029946;10.83;



7565;12034948;10.83;



7565;12039948;10.85;



7565;12044949;10.83;



7565;12049950;10.83;



7565;12054951;10.87;



7565;12059953;10.80;



7565;12064954;10.80;



7565;12069954;10.83;



7565;12074955;10.83;



7565;12079956;10.85;



7565;12084958;10.85;



7565;12089959;10.85;



7565;12094959;10.80;



7565;12099960;10.83;



7565;12104962;10.80;



7565;12109963;10.85;



7565;12114964;10.83;



7565;12119965;10.85;



7565;12124965;10.80;



7565;12129967;10.85;



7565;12134968;10.83;



7565;12139969;10.80;



7565;12144970;10.83;



7565;12149970;10.83;



7565;12154972;10.83;



7565;12159973;10.83;



7565;12164974;10.80;



7565;12169975;10.78;



7565;12174977;10.78;



7565;12179977;10.80;



7565;12184978;10.78;



7565;12189979;10.83;



7565;12194980;10.85;



7565;12199982;10.83;



7565;12204983;10.83;



7565;12209983;10.80;



7565;12214984;10.80;



7565;12219985;10.78;



7565;12224987;10.78;



7565;12229988;10.83;



7565;12234988;10.80;



7565;12239989;10.80;



7565;12244990;10.83;



7565;12249992;10.80;



7565;12254993;10.83;



7565;12259994;10.83;



7565;12264994;10.83;



7565;12269996;10.83;



7565;12274997;10.83;



7565;12279998;10.83;



7565;12284999;10.80;



7565;12289999;10.78;



7565;12295001;10.80;



7565;12300002;10.83;



7565;12305003;10.78;



7565;12310004;10.80;



7565;12315005;10.83;



7565;12320006;10.78;



7565;12325007;10.80;



7565;12330008;10.83;



7565;12335009;10.80;



7565;12340011;10.80;



7565;12345012;10.80;



7565;12350012;10.80;



7565;12355013;10.83;



7565;12360014;10.83;



7565;12365016;10.80;



7565;12370017;10.78;



7565;12375017;10.80;



7565;12380018;10.80;



7565;12385019;10.80;



7565;12390021;10.83;



7565;12395022;10.83;



7565;12400023;10.83;



7565;12405023;10.78;



7565;12410024;10.78;



7565;12415026;10.80;



7565;12420027;10.83;



7565;12425028;10.78;



7565;12430028;10.78;



7565;12435030;10.78;



7565;12440031;10.80;



7565;12445032;10.78;



7565;12450033;10.80;



7565;12455034;10.78;



7565;12460035;10.80;



7565;12465036;10.78;



7565;12470037;10.75;



7565;12475038;10.78;



7565;12480039;10.75;



7565;12485040;10.78;



7565;12490041;10.78;



7565;12495042;10.80;



7565;12500043;10.80;



7565;12505044;10.83;



7565;12510046;10.78;



7565;12515046;10.80;



7565;12520047;10.78;



7565;12525048;10.78;



7565;12530050;10.78;



7565;12535051;10.80;



7565;12540051;10.80;



7565;12545052;10.78;



7565;12550053;10.73;



7565;12555055;10.78;



7565;12560056;10.78;



7565;12565057;10.75;



7565;12570057;10.80;



7565;12575058;10.73;



7565;12580060;10.78;



7565;12585061;10.78;



7565;12590062;10.83;



7565;12595063;10.78;



7565;12600064;10.78;



7565;12605065;10.75;



7565;12610066;10.80;



7565;12615067;10.80;



7565;12620068;10.75;



7565;12625069;10.78;



7565;12630070;10.78;



7565;12635071;10.78;



7565;12640072;10.75;



7565;12645073;10.78;



7565;12650075;10.80;



7565;12655075;10.75;



7565;12660076;10.78;



7565;12665077;10.78;



7565;12670078;10.80;



7565;12675080;10.78;



7565;12680080;10.73;



7565;12685081;10.75;



7565;12690082;10.73;



7565;12695084;10.80;



7565;12700085;10.80;



7565;12705086;10.75;



7565;12710086;10.78;



7565;12715087;10.78;



7565;12720089;10.78;



7565;12725090;10.78;



7565;12730091;10.78;



7565;12735091;10.73;



7565;12740092;10.75;



7565;12745094;10.78;



7565;12750095;10.78;



7565;12755096;10.75;



7565;12760097;10.78;



7565;12765097;10.75;



7565;12770099;10.78;



7565;12775100;10.73;



7565;12780101;10.75;



7565;12785102;10.75;



7565;12790104;10.75;



7565;12795104;10.78;



7565;12800105;10.75;



7565;12805106;10.78;



7565;12810107;10.75;



7565;12815109;10.73;



7565;12820109;10.75;



7565;12825110;10.75;



7565;12830111;10.75;



7565;12835112;10.75;



7565;12840114;10.75;



7565;12845115;10.75;



7565;12850115;10.75;



7565;12855116;10.73;



7565;12860118;10.78;



7565;12865119;10.73;



7565;12870120;10.75;



7565;12875120;10.73;



7565;12880121;10.73;



7565;12885123;10.78;



7565;12890124;10.75;



7565;12895125;10.75;



7565;12900126;10.73;



7565;12905126;10.75;



7565;12910128;10.73;



7565;12915129;10.75;



7565;12920130;10.73;



7565;12925131;10.78;



7565;12930131;10.75;



7565;12935133;10.75;



7565;12940134;10.75;



7565;12945135;10.75;



7565;12950136;10.78;



7565;12955138;10.70;



7565;12960138;10.70;



7565;12965139;10.73;



7565;12970140;10.73;



7565;12975141;10.73;



7565;12980143;10.75;



7565;12985144;10.68;



7565;12990144;10.75;



7565;12995145;10.75;



7565;13000146;10.73;



7565;13005148;10.75;



7565;13010149;10.75;



7565;13015149;10.75;



7565;13020150;10.70;



7565;13025152;10.75;



7565;13030153;10.70;



7565;13035154;10.70;



7565;13040155;10.73;



7565;13045155;10.75;



7565;13050157;10.70;



7565;13055158;10.73;



7565;13060159;10.73;



7565;13065160;10.75;



7565;13070160;10.75;



7565;13075162;10.73;



7565;13080163;10.73;



7565;13085164;10.73;



7565;13090165;10.75;



7565;13095166;10.75;



7565;13100167;10.73;



7565;13105168;10.73;



7565;13110169;10.70;



7565;13115170;10.70;



7565;13120172;10.73;



7565;13125173;10.73;



7565;13130173;10.75;



7565;13135174;10.73;



7565;13140175;10.73;



7565;13145177;10.73;



7565;13150178;10.75;



7565;13155178;10.70;



7565;13160179;10.73;



7565;13165180;10.68;



7565;13170182;10.68;



7565;13175183;10.70;



7565;13180184;10.70;



7565;13185184;10.70;



7565;13190185;10.73;



7565;13195187;10.73;



7565;13200188;10.73;



7565;13205189;10.70;



7565;13210189;10.73;



7565;13215191;10.68;



7565;13220192;10.73;



7565;13225193;10.73;



7565;13230194;10.73;



7565;13235195;10.73;



7565;13240196;10.68;



7565;13245197;10.75;



7565;13250198;10.70;



7565;13255199;10.73;



7565;13260200;10.68;



7565;13265201;10.70;



7565;13270202;10.73;



7565;13275203;10.73;



7565;13280204;10.73;



7565;13285206;10.73;



7565;13290207;10.68;



7565;13295207;10.73;



7565;13300208;10.70;



7565;13305209;10.73;



7565;13310211;10.70;



7565;13315212;10.68;



7565;13320212;10.68;



7565;13325213;10.70;



7565;13330214;10.73;



7565;13335216;10.70;



7565;13340217;10.73;



7565;13345218;10.70;



7565;13350218;10.73;



7565;13355219;10.70;



7565;13360221;10.70;



7565;13365222;10.70;



7565;13370223;10.70;



7565;13375224;10.68;



7565;13380225;10.68;



7565;13385226;10.70;



7565;13390227;10.68;



7565;13395228;10.70;



7565;13400229;10.68;



7565;13405230;10.68;



7565;13410231;10.68;



7565;13415232;10.73;



7565;13420233;10.70;



7565;13425234;10.68;



7565;13430236;10.73;



7565;13435236;10.70;



7565;13440237;10.70;



7565;13445238;10.70;



7565;13450240;10.68;



7565;13455241;10.68;



7565;13460241;10.70;



7565;13465242;10.70;



7565;13470243;10.70;



7565;13475245;10.73;



7565;13480246;10.70;



7565;13485247;10.68;



7565;13490247;10.70;



7565;13495248;10.70;



7565;13500250;10.70;



7565;13505251;10.65;



7565;13510252;10.68;



7565;13515252;10.70;



7565;13520253;10.70;



7565;13525255;10.68;



7565;13530256;10.65;



7565;13535257;10.68;



7565;13540258;10.65;



7565;13545259;10.70;



7565;13550260;10.70;



7565;13555261;10.70;



7565;13560262;10.65;



7565;13565263;10.68;



7565;13570264;10.68;



7565;13575265;10.68;



7565;13580266;10.70;



7565;13585267;10.70;



7565;13590268;10.65;



7565;13595270;10.65;



7565;13600270;10.70;



7565;13605271;10.65;



7565;13610272;10.68;



7565;13615273;10.70;



7565;13620275;10.68;



7565;13625275;10.63;



7565;13630276;10.68;



7565;13635277;10.70;



7565;13640279;10.68;



7565;13645280;10.65;



7565;13650281;10.65;



7565;13655281;10.68;



7565;13660282;10.65;



7565;13665284;10.68;



7565;13670285;10.68;



7565;13675286;10.65;



7565;13680287;10.68;



7565;13685287;10.65;



7565;13690289;10.68;



7565;13695290;10.65;



7565;13700291;10.65;



7565;13705292;10.63;



7565;13710292;10.65;



7565;13715294;10.68;



7565;13720295;10.65;



7565;13725296;10.70;



7565;13730297;10.61;



7565;13735299;10.65;



7565;13740299;10.65;



7565;13745300;10.68;



7565;13750301;10.68;



7565;13755302;10.65;



7565;13760304;10.65;



7565;13765304;10.68;



7565;13770305;10.65;



7565;13775306;10.68;



7565;13780307;10.63;



7565;13785309;10.63;



7565;13790310;10.68;



7565;13795310;10.63;



7565;13800311;10.65;



7565;13805313;10.65;



7565;13810314;10.68;



7565;13815315;10.65;



7565;13820315;10.68;



7565;13825316;10.68;



7565;13830318;10.65;



7565;13835319;10.68;



7565;13840320;10.65;



7565;13845321;10.63;



7565;13850321;10.65;



7565;13855323;10.63;



7565;13860324;10.63;



7565;13865325;10.65;



7565;13870326;10.61;



7565;13875326;10.65;



7565;13880328;10.65;



7565;13885329;10.65;



7565;13890330;10.65;



7565;13895331;10.65;



7565;13900333;10.63;



7565;13905333;10.65;



7565;13910334;10.63;



7565;13915335;10.65;



7565;13920336;10.63;



7565;13925338;10.63;



7565;13930339;10.65;



7565;13935339;10.68;



7565;13940340;10.61;



7565;13945341;10.63;



7565;13950343;10.61;



7565;13955344;10.61;



7565;13960344;10.65;



7565;13965345;10.65;



7565;13970347;10.68;



7565;13975348;10.63;



7565;13980349;10.65;



7565;13985350;10.63;



7565;13990350;10.63;



7565;13995352;10.63;



7565;14000353;10.63;



7565;14005354;10.61;



7565;14010355;10.65;



7565;14015355;10.63;



7565;14020357;10.61;



7565;14025358;10.65;



7565;14030359;10.68;



7565;14035360;10.65;



7565;14040361;10.65;



7565;14045362;10.65;



7565;14050363;10.61;



7565;14055364;10.63;



7565;14060365;10.65;



7565;14065367;10.63;



7565;14070367;10.63;



7565;14075368;10.61;



7565;14080369;10.65;



7565;14085370;10.65;



7565;14090372;10.61;



7565;14095373;10.65;



7565;14100373;10.63;



7565;14105374;10.61;



7565;14110375;10.63;



7565;14115377;10.63;



7565;14120378;10.58;



7565;14125379;10.63;



7565;14130379;10.63;



7565;14135380;10.61;



7565;14140382;10.61;



7565;14145383;10.61;



7565;14150384;10.61;



7565;14155384;10.63;



7565;14160386;10.63;



7565;14165387;10.63;



7565;14170388;10.61;



7565;14175389;10.58;



7565;14180390;10.63;



7565;14185391;10.63;



7565;14190392;10.58;



7565;14195393;10.61;



7565;14200394;10.61;



7565;14205395;10.63;



7565;14210396;10.61;



7565;14215397;10.58;



7565;14220398;10.65;



7565;14225399;10.58;



7565;14230401;10.61;



7565;14235402;10.58;



7565;14240402;10.61;



7565;14245403;10.63;



7565;14250404;10.63;



7565;14255406;10.58;



7565;14260407;10.61;



7565;14265407;10.63;



7565;14270408;10.58;



7565;14275409;10.63;



7565;14280411;10.58;



7565;14285412;10.63;



7565;14290413;10.58;



7565;14295413;10.63;



7565;14300414;10.58;



7565;14305416;10.63;



7565;14310417;10.58;



7565;14315418;10.61;



7565;14320419;10.63;



7565;14325420;10.61;



7565;14330421;10.58;



7565;14335422;10.61;



7565;14340423;10.58;



7565;14345424;10.58;



7565;14350425;10.56;



7565;14355426;10.58;



7565;14360427;10.58;



7565;14365428;10.58;



7565;14370429;10.56;



7565;14375431;10.61;



7565;14380431;10.56;



7565;14385432;10.63;



7565;14390433;10.58;



7565;14395435;10.61;



7565;14400436;10.56;



7565;14405436;10.58;



7565;14410437;10.56;



7565;14415438;10.56;



7565;14420440;10.58;



7565;14425441;10.58;



7565;14430442;10.58;



7565;14435442;10.58;



7565;14440443;10.58;



7565;14445445;10.58;



7565;14450446;10.56;



7565;14455447;10.61;



7565;14460447;10.61;



7565;14465448;10.61;



7565;14470450;10.61;



7565;14475451;10.61;



7565;14480452;10.56;



7565;14485453;10.58;



7565;14490454;10.58;



7565;14495455;10.58;



7565;14500456;10.61;



7565;14505457;10.56;



7565;14510458;10.56;



7565;14515460;10.58;



7565;14520460;10.58;



7565;14525461;10.58;



7565;14530462;10.58;



7565;14535463;10.58;



7565;14540465;10.58;



7565;14545465;10.53;



7565;14550466;10.56;



7565;14555467;10.58;



7565;14560468;10.56;



7565;14565470;10.58;



7565;14570471;10.58;



7565;14575471;10.58;



7565;14580472;10.56;



7565;14585474;10.58;



7565;14590475;10.56;



7565;14595476;10.53;



7565;14600476;10.58;



7565;14605477;10.58;



7565;14610479;10.56;



7565;14615480;10.53;



7565;14620481;10.56;



7565;14625482;10.58;



7565;14630482;10.56;



7565;14635484;10.56;



7565;14640485;10.58;



7565;14645486;10.58;



7565;14650487;10.58;



7565;14655489;10.53;



7565;14660489;10.56;



7565;14665490;10.56;



7565;14670491;10.56;



7565;14675492;10.58;



7565;14680494;10.53;



7565;14685494;10.58;



7565;14690495;10.58;



7565;14695496;10.53;



7565;14700497;10.56;



7565;14705499;10.58;



7565;14710500;10.58;



7565;14715500;10.58;



7565;14720501;10.56;



7565;14725502;10.58;



7565;14730504;10.53;



7565;14735505;10.53;



7565;14740505;10.56;



7565;14745506;10.51;



7565;14750508;10.56;



7565;14755509;10.56;



7565;14760510;10.58;



7565;14765511;10.61;



7565;14770511;10.56;



7565;14775513;10.56;



7565;14780514;10.58;



7565;14785515;10.53;



7565;14790516;10.56;



7565;14795516;10.53;



7565;14800518;10.58;



7565;14805519;10.53;



7565;14810520;10.56;



7565;14815521;10.53;



7565;14820523;10.51;



7565;14825523;10.53;



7565;14830524;10.53;



7565;14835525;10.56;



7565;14840526;10.53;



7565;14845528;10.53;



7565;14850529;10.53;



7565;14855529;10.58;



7565;14860530;10.51;



7565;14865531;10.53;



7565;14870533;10.53;



7565;14875534;10.56;



end
